%% INIT
h_max = 1
A = 1
k = 1
rho = 1000

h_0 = 0
h_r = 0.5
K_p = 100

T = 100